#REDIRECT Iron Mountains
Category:Sindarin locations