1122 Amon_Hen
