2577 Samwise_Gamgee
3897 Mayor_of_Michel_Delving
41873 Lonely_Troll
3462 Hobbits
