4877 Vorondil
