10923	1968
18726	6_May
938	J.R.R._Tolkien
14000	Letter_1
28048	Letter_10
32633	Letter_100
32994	Letter_101
19433	Letter_102
32995	Letter_103
32996	Letter_104
33108	Letter_105
32464	Letter_106
32462	Letter_107
32997	Letter_108
32824	Letter_109
28052	Letter_11
32825	Letter_110
32826	Letter_111
19282	Letter_112
33124	Letter_113
19284	Letter_114
33022	Letter_115
33023	Letter_116
33024	Letter_117
33021	Letter_118
32827	Letter_119
28053	Letter_12
32828	Letter_120
32829	Letter_121
26197	Letter_122
32998	Letter_123
33142	Letter_124
33150	Letter_125
33151	Letter_126
19302	Letter_127
32993	Letter_128
33125	Letter_129
28054	Letter_13
19307	Letter_130
18967	Letter_131
19966	Letter_132
33157	Letter_133
33158	Letter_134
32485	Letter_135
19283	Letter_136
33187	Letter_137
32904	Letter_138
32903	Letter_139
28110	Letter_14
33211	Letter_140
33210	Letter_141
32523	Letter_142
19867	Letter_143
26579	Letter_144
33212	Letter_145
32431	Letter_146
32432	Letter_147
32992	Letter_148
32991	Letter_149
28130	Letter_15
32425	Letter_150
32694	Letter_151
32698	Letter_152
32457	Letter_153
32424	Letter_154
32426	Letter_155
32345	Letter_156
33171	Letter_157
32973	Letter_158
32860	Letter_159
28132	Letter_16
32946	Letter_160
32952	Letter_161
32953	Letter_162
32313	Letter_163
32314	Letter_164
32322	Letter_165
32323	Letter_166
19470	Letter_167
19422	Letter_168
28413	Letter_169
28133	Letter_17
19423	Letter_170
33137	Letter_171
32447	Letter_172
20747	Letter_173
33183	Letter_174
19319	Letter_175
32446	Letter_176
32720	Letter_177
29766	Letter_178
29767	Letter_179
19834	Letter_18
32486	Letter_180
32654	Letter_181
33000	Letter_182
33002	Letter_183
19313	Letter_184
19315	Letter_185
20558	Letter_186
32990	Letter_187
19490	Letter_188
28556	Letter_189
28138	Letter_19
19467	Letter_190
32883	Letter_191
32884	Letter_192
32429	Letter_193
32882	Letter_194
19492	Letter_195
32598	Letter_196
32632	Letter_197
19777	Letter_198
32649	Letter_199
14002	Letter_2
28139	Letter_20
33004	Letter_200
32430	Letter_201
33219	Letter_202
32156	Letter_203
33161	Letter_204
33220	Letter_205
19859	Letter_206
33165	Letter_207
32892	Letter_208
32890	Letter_209
28152	Letter_21
19852	Letter_210
28719	Letter_211
33136	Letter_212
32428	Letter_213
32303	Letter_214
33007	Letter_215
19275	Letter_216
33005	Letter_217
19276	Letter_218
19277	Letter_219
19405	Letter_22
32847	Letter_220
33010	Letter_221
33078	Letter_222
33163	Letter_223
33164	Letter_224
33166	Letter_225
19844	Letter_226
33167	Letter_227
32387	Letter_228
32392	Letter_229
28153	Letter_23
26670	Letter_230
33075	Letter_231
33076	Letter_232
33077	Letter_233
33101	Letter_234
32830	Letter_235
33208	Letter_236
33205	Letter_237
33209	Letter_238
18968	Letter_239
28154	Letter_24
19310	Letter_240
33122	Letter_241
19337	Letter_242
19387	Letter_243
32643	Letter_244
32484	Letter_245
32476	Letter_246
33184	Letter_247
32194	Letter_248
33221	Letter_249
28158	Letter_25
33225	Letter_250
19312	Letter_251
33100	Letter_252
28559	Letter_253
33149	Letter_254
32460	Letter_255
32461	Letter_256
32372	Letter_257
19462	Letter_258
32373	Letter_259
31847	Letter_26
33222	Letter_260
33224	Letter_261
32557	Letter_262
32728	Letter_263
32773	Letter_264
32774	Letter_265
32775	Letter_266
32770	Letter_267
19636	Letter_268
33109	Letter_269
31868	Letter_27
33185	Letter_270
33186	Letter_271
33103	Letter_272
19847	Letter_273
32916	Letter_274
32917	Letter_275
32902	Letter_276
32928	Letter_277
32650	Letter_278
32929	Letter_279
31897	Letter_28
33182	Letter_280
32818	Letter_281
32522	Letter_282
19846	Letter_283
32905	Letter_284
32906	Letter_285
32907	Letter_286
32908	Letter_287
19327	Letter_288
28414	Letter_289
28718	Letter_29
20536	Letter_290
19338	Letter_291
19339	Letter_292
19317	Letter_293
32411	Letter_294
33148	Letter_295
33143	Letter_296
19336	Letter_297
32528	Letter_298
32529	Letter_299
14339	Letter_3
19459	Letter_30
33152	Letter_300
19443	Letter_301
19372	Letter_302
19374	Letter_304
19535	Letter_305
32527	Letter_306
32555	Letter_307
32554	Letter_308
32862	Letter_309
31925	Letter_31
32980	Letter_310
32981	Letter_311
32729	Letter_312
32730	Letter_313
32975	Letter_314
32977	Letter_315
33138	Letter_316
32974	Letter_317
33170	Letter_318
32700	Letter_319
31956	Letter_32
32393	Letter_320
32537	Letter_321
19432	Letter_322
33168	Letter_323
32407	Letter_324
33169	Letter_325
19404	Letter_326
28558	Letter_327
33018	Letter_328
33017	Letter_329
31998	Letter_33
32520	Letter_330
32519	Letter_331
32521	Letter_332
19851	Letter_333
33160	Letter_334
19860	Letter_335
19779	Letter_336
19996	Letter_337
32819	Letter_338
19491	Letter_339
32002	Letter_34
32525	Letter_340
33162	Letter_341
32681	Letter_342
32683	Letter_343
19463	Letter_344
32682	Letter_345
19494	Letter_346
19278	Letter_347
19780	Letter_348
32911	Letter_349
32061	Letter_35
32910	Letter_350
33159	Letter_351
19464	Letter_352
19465	Letter_353
19466	Letter_354
32088	Letter_36
32116	Letter_37
32158	Letter_38
19836	Letter_39
14365	Letter_4
32160	Letter_40
19835	Letter_41
32186	Letter_42
32229	Letter_43
19842	Letter_44
32248	Letter_45
32337	Letter_46
32458	Letter_47
32459	Letter_48
32550	Letter_49
14463	Letter_5
32346	Letter_50
32348	Letter_51
32658	Letter_52
32685	Letter_53
32699	Letter_54
32723	Letter_55
19281	Letter_56
32724	Letter_57
32734	Letter_58
32655	Letter_59
14480	Letter_6
32776	Letter_60
32779	Letter_61
32736	Letter_62
32782	Letter_63
32693	Letter_64
32780	Letter_65
19301	Letter_66
28557	Letter_67
32783	Letter_68
32853	Letter_69
28020	Letter_7
32857	Letter_70
32858	Letter_71
32867	Letter_72
32871	Letter_73
32873	Letter_74
32893	Letter_75
32894	Letter_76
32901	Letter_77
32909	Letter_78
32954	Letter_79
19833	Letter_8
19926	Letter_80
32958	Letter_81
32831	Letter_82
32970	Letter_83
32534	Letter_84
32535	Letter_85
19285	Letter_86
32533	Letter_87
32532	Letter_88
32531	Letter_89
28038	Letter_9
32971	Letter_90
32972	Letter_91
19303	Letter_92
33015	Letter_93
33020	Letter_94
32895	Letter_95
33079	Letter_96
32635	Letter_97
33107	Letter_98
32634	Letter_99
15418	Sarehole_Mill
3712	The_Letters_of_J.R.R._Tolkien
