28059	Akallabeth_MUSH
