#REDIRECT [[House of Bëor]]